11044|387
11045|900
11046|807
11047|837
11048|836
11049|816
11050|963
11051|1057
11052|253
11053|1184
11054|928
11055|628
11056|599
11057|714
11058|785
11059|892
11060|952
11061|893
11062|1013
11063|939
11064|987
11065|867
11066|892
11067|980
11068|834
11069|876
11070|908
11071|975
11072|978
11073|894
11074|805
11075|849
11076|975
11077|830
11078|998
11079|729
11080|942
11081|838
11082|797
11083|903
11084|952
11085|779
11086|726
11087|799
11088|778
11089|747
11090|871
11091|949
11092|784
11093|950
11094|953
11095|852
11096|934
11097|954
11098|727
11099|770
11100|742
11101|755
11102|739
11103|779
11104|911
11105|988
11106|750
11107|958
11108|773
11109|809
11110|747
11111|821
11112|869
11113|977
11114|731
11115|878
11116|921
11117|888
11118|861
11119|983
11120|763
11121|760
11122|784
11123|813
11124|904
11125|869
11126|1062
11127|960
11128|819
11129|812
11130|932
11131|908
11132|838
11133|719
11134|836
11135|739
11136|1014
11137|557
11138|931
11139|961
11140|1030
11141|789
11142|867
11143|1016
11144|704
11145|891
11146|824
11147|661
11148|790
11149|998
11150|595
11151|599
11152|890
11153|1010
11154|328
11155|398
11156|912
11157|609
11158|816
11159|731
11160|715
11161|738
11162|787
11163|755
11164|929
11165|745
11166|1002
11167|882
11168|837
11169|768
11170|977
11171|793
11172|716
11173|758
11174|787
11175|789
11176|830
11177|804
11178|692
11179|777
11180|744
11181|766
11182|937
11183|779
11184|854
11185|770
11186|699
11187|770
11188|804
11189|729
11190|809
11191|701
11192|816
11193|829
11194|739
11195|903
11196|645
11197|1261
11198|686
11199|744
11200|959
11201|909
11202|1011
11203|885
11204|597
11205|284
11206|591
11207|630
11208|822
11209|947
11210|974
11211|813
11212|930
11213|851
11214|943
11215|810
11216|866
11217|1044
11218|600
11219|531
11220|709
11221|777
11222|361
11223|1396
11224|980
11225|622
11226|956
11227|841
11228|805
11229|719
11230|896
11231|885
11232|795
11233|909
11234|819
11235|861
11236|1006
11237|1080
11238|706
11239|973
11240|903
11241|1162
11242|379
11243|295
11244|319
11245|400
11246|618
11247|942
11248|968
11249|716
11250|816
11251|943
11252|775
11253|823
11254|749
11255|849
11256|953
11257|841
11258|363
11259|767
11260|938
11261|1017
11262|847
11263|689
11264|1032
11265|918
11266|743
11267|840
11268|843
11269|639
11270|352
11271|421
11272|424
11273|721
11274|717
11275|725
11276|660
11277|686
11278|779
11279|678
11280|790
11281|954
11282|746
11283|937
11284|904
11285|360
11286|568
11287|937
11288|1005
11289|1122
11290|559
11291|1024
11292|634
11293|970
11294|697
11295|482
11296|777
11297|729
11298|810
11299|908
11300|1140
11301|853
11302|889
11303|538
11304|623
11305|1056
11306|826
11307|946
11308|703
11309|475
11310|739
11311|860
11312|861
11313|958
