41385
41386
41392
41399
41473
41482
41523
41524
41528
41531
41540
41543
41547
41596
41598
41601
41607
41627
41646
41648
41660
41692
41698
41709
41711
41758
41765
41767
41791
41834
41836
41882
41888
41890
41905
41907
42057
42070
42116
42198
42207
42210
42211
42261
42357
42371
42379
42438
42440
42444
42480
42484
42495
42500
42501
42507
42560
42672
42681
42682
42694
42695
42697
42701
42705
42734
42741
42790
42793
42798
42805
42808
42809
42812
42835
42868
42873
42875
42894
42916
43005
43007
43017
43023
43074
43075
43085
43131
43184
43186
43190
43191
43206
43208
43221
43234
43244
43245
43255
43260
43273
43277
43303
43319
43320
43321
43325
43361
43370
43374
43380
43495
43497
43498
43499
43500
43501
43503
43508
43514
43556
43559
43565
43607
43613
43615
43657
43661
43663
43664
43665
43666
43720
43775
43786
43787
43788
43834
43892
43943
43953
43960
43970
43975
44009
44010
44013
44016
44021
44027
44029
44077
44080
44082
44127
44152
44162
44207
44222
44227
44240
44241
44251
44252
44271
44277
44382
44398
44404
44421
44422
44427
44428
44475
44498
44504
44556
44574
44596
44627
44634
44660
44673
44675
44681
44728
44734
44747
44751
44768
44776
44779
44792
44802
44828
44831
44840
44842
44890
44899
44900
44937
44938
44961
44997
44999
45001
45002
45003
45004
45008
45047
45050
45058
45116
45136
45137
45140
45146
45150
45156
45172
45177
45204
45206
45208
45218
45228
45301
45341
45346
45353
45354
45368
45369
45426
45428
45442
45443
45462
45463
45465
45472
45477
45483
45486
45493
45495
45502
45503
45563
45564
45580
45594
45595
45597
45625
45629
45635
45636
45642
45647
45648
45662
45673
45719
45736
45740
45741
45816
45818
45879
45883
45979
45983
46029
46051
46143
46162
46165
46166
46190
46192
46199
46211
46212
46215
46221
46231
46259
46261
46269
46270
46278
46315
